
Linear Regression Model

G20 =

     -0.0598 * G2 +
     -0.701  * G5 +
     -0.5982 * G6 +
     -1.4501 * G8 +
     -1.1306 * G9 +
      0.1804 * G10 +
     -0.0011 * G11 +
      0.3525 * G12 +
      1.7698 * G13 +
     -5.6672 * G14 +
      2.3879 * G15 +
      4.316  * G16 +
    -41.3482 * G17 +
     -3.2042 * G18 +
     47.1571 * G19 +
   8743.2017

Regression Analysis:

Variable     Coefficient     SE of Coef        t-Stat
G2              -0.0598         0.0265        -2.2537
G5              -0.701          0.156         -4.4946
G6              -0.5982         0.1135        -5.2717
G8              -1.4501         0.2141        -6.7732
G9              -1.1306         0.0354       -31.9165
G10              0.1804         0.0437         4.1254
G11             -0.0011         0.0002        -4.3957
G12              0.3525         0.0226        15.5731
G13              1.7698         0.465          3.8061
G14             -5.6672         0.2993       -18.9352
G15              2.3879         0.2019        11.8273
G16              4.316          0.2661        16.2204
G17            -41.3482         0.2521      -164.0393
G18             -3.2042         0.016       -199.9852
G19             47.1571         0.2217       212.7244
const         8743.2017        24.0412       363.6756

Degrees of freedom = 41172
R^2 value = 0.97
Adjusted R^2 = 0.97001
F-statistic = 88806.1604